                                                                                |
                                                                                |
                                                                                |
                                                                                |
                                                                                |
                                                                                |
                                                                                |
                                                                                |
                                                                                |
                                                                                |
                                                                                |
                                                                                |
                                                                                |
                                                                                |
                                                                                |
                                                                                |
                                                                                |
                                                                                |
                                                                                |
                                                                                |
                                                                                |
                                                                                |
                                                                                |
                                                                                |
                                                                                |
                                                                                |
                                                                                |
                                                                                |
                                                                                |
                                                                                |
                                                                                |
                                                                                |
                                                                                |
                                                                                |
                                                                                |
                                                                                |
                                                                                |
                                                                                |
                                                                                |
                                                                                |
                                                                                |
                                                                                |
                                                                                |
                                                                                |
                                                                                |
                                                                                |
                                                                                |
                                                                                |
                                                                                |
                                                                                |
                                                                                |
                                                                                |
.
6
bot
15
1 1
2 1
3 1
4 1
5 1
6 1
7 1
8 1
9 1
10 1
11 1
12 1
13 1
14 1
15 1
right

bot
1
55 5
left

bot
1
55 15
left

bot
1
20 5
left

bot
1
55 1
left

bot
1
1 5
left
